.config:
not implemented yet

.command:
00:00:00 drone1 set-position [-3, 0, -3]
00:00:00 drone2 set-position [-2, 0, -3]
00:00:00 drone3 set-position [-1, 0, -3]
00:00:00 drone4 set-position [0, 0, -3]
00:00:00 drone5 set-position [1, 0, -3]
00:00:00 drone6 set-position [2, 0, -3]

00:00:00 drone1 set-color [200, 30, 30]
00:00:00 drone2 set-color [200, 30, 30]
00:00:00 drone3 set-color [200, 30, 30]
00:00:00 drone4 set-color [200, 30, 30]
00:00:00 drone5 set-color [200, 30, 30]
00:00:00 drone6 set-color [200, 30, 30]

00:00:01 drone1 take-off [1]
00:00:01 drone2 take-off [2]
00:00:01 drone3 take-off [3]
00:00:01 drone4 take-off [4]
00:00:01 drone5 take-off [5]
00:00:01 drone6 take-off [6]

00:00:01 drone1 drone-mode [approx]
00:00:01 drone2 drone-mode [approx]
00:00:01 drone3 drone-mode [approx]
00:00:01 drone4 drone-mode [approx]
00:00:01 drone5 drone-mode [approx]
00:00:01 drone6 drone-mode [approx]

00:00:05 drone1 fly-to [0,2,-5,180,2]
00:00:07 drone2 fly-to [2,4,-5,180,2]
00:00:09 drone3 fly-to [2,7,-5,180,2]
00:00:11 drone4 fly-to [0,5,-5,180,2]
00:00:13 drone5 fly-to [-2,7,-5,180,2]
00:00:15 drone6 fly-to [-2,4,-5,180,2]

00:00:20 drone1 fly-trajectory [[2, 4, -5, 180, 2], [2, 7, -5, 180, 2], [1, 7, -5, 180, 2], [0, 6, -5, 180, 2], [-1, 7, -5, 180, 2], [-2, 7, -5, 180, 2], [-2, 4, -5, 180, 2], [0, 2, -5, 180, 2], [2, 4, -5, 180, 2], [2, 7, -5, 180, 2], [1, 7, -5, 180, 2], [0, 6, -5, 180, 2], [-1, 7, -5, 180, 2], [-2, 7, -5, 180, 2], [-2, 4, -5, 180, 2], [0, 2, -5, 180, 2]]
00:00:20 drone2 fly-trajectory [[2, 7, -5, 180, 2], [1, 7, -5, 180, 2], [0, 6, -5, 180, 2], [-1, 7, -5, 180, 2], [-2, 7, -5, 180, 2], [-2, 4, -5, 180, 2], [0, 2, -5, 180, 2], [2, 4, -5, 180, 2], [2, 7, -5, 180, 2], [1, 7, -5, 180, 2], [0, 6, -5, 180, 2], [-1, 7, -5, 180, 2], [-2, 7, -5, 180, 2], [-2, 4, -5, 180, 2], [0, 2, -5, 180, 2], [2, 4, -5, 180, 2]]
00:00:20 drone3 fly-trajectory [[1, 7, -5, 180, 2], [0, 6, -5, 180, 2], [-1, 7, -5, 180, 2], [-2, 7, -5, 180, 2], [-2, 4, -5, 180, 2], [0, 2, -5, 180, 2], [2, 4, -5, 180, 2], [2, 7, -5, 180, 2], [1, 7, -5, 180, 2], [0, 6, -5, 180, 2], [-1, 7, -5, 180, 2], [-2, 7, -5, 180, 2], [-2, 4, -5, 180, 2], [0, 2, -5, 180, 2], [2, 4, -5, 180, 2], [2, 7, -5, 180, 2]]
00:00:20 drone4 fly-trajectory [[-1, 7, -5, 180, 2], [-2, 7, -5, 180, 2], [-2, 4, -5, 180, 2], [0, 2, -5, 180, 2], [2, 4, -5, 180, 2], [2, 7, -5, 180, 2], [1, 7, -5, 180, 2], [0, 6, -5, 180, 2], [-1, 7, -5, 180, 2], [-2, 7, -5, 180, 2], [-2, 4, -5, 180, 2], [0, 2, -5, 180, 2], [2, 4, -5, 180, 2], [2, 7, -5, 180, 2], [1, 7, -5, 180, 2], [0, 6, -5, 180, 2]]
00:00:20 drone5 fly-trajectory [[-2, 4, -5, 180, 2], [0, 2, -5, 180, 2], [2, 4, -5, 180, 2], [2, 7, -5, 180, 2], [1, 7, -5, 180, 2], [0, 6, -5, 180, 2], [-1, 7, -5, 180, 2], [-2, 7, -5, 180, 2], [-2, 4, -5, 180, 2], [0, 2, -5, 180, 2], [2, 4, -5, 180, 2], [2, 7, -5, 180, 2], [1, 7, -5, 180, 2], [0, 6, -5, 180, 2], [-1, 7, -5, 180, 2], [-2, 7, -5, 180, 2]]
00:00:20 drone6 fly-trajectory [[0, 2, -5, 180, 2], [2, 4, -5, 180, 2], [2, 7, -5, 180, 2], [1, 7, -5, 180, 2], [0, 6, -5, 180, 2], [-1, 7, -5, 180, 2], [-2, 7, -5, 180, 2], [-2, 4, -5, 180, 2], [0, 2, -5, 180, 2], [2, 4, -5, 180, 2], [2, 7, -5, 180, 2], [1, 7, -5, 180, 2], [0, 6, -5, 180, 2], [-1, 7, -5, 180, 2], [-2, 7, -5, 180, 2], [-2, 4, -5, 180, 2]]

00:00:40 drone1 fly-to [-3, 3, -3,180,2]
00:00:41 drone2 fly-to [-2, 3, -3,180,2]
00:00:42 drone3 fly-to [-1, 3, -3,180,2]
00:00:43 drone4 fly-to [0, 3, -3,180,2]
00:00:44 drone5 fly-to [1, 3, -3,180,2]
00:00:45 drone6 fly-to [2, 3, -3,180,2]

00:00:47 drone1 land
00:00:47 drone2 land
00:00:47 drone3 land
00:00:47 drone4 land
00:00:47 drone5 land
00:00:47 drone6 land
